Gen 001 | 1 0 1 0 1 0 1 0 1 0 
Gen 002 | 0 1 0 1 0 1 0 1 0 1 
Gen 003 | 1 0 1 0 1 0 1 0 1 0 
Gen 004 | 0 1 0 1 0 1 0 1 0 1 
Gen 005 | 1 0 1 0 1 0 1 0 1 0 
Gen 006 | 0 1 0 1 0 1 0 1 0 1 
Gen 007 | 1 0 1 0 1 0 1 0 1 0 
Gen 008 | 0 1 0 1 0 1 0 1 0 1 
Gen 009 | 1 0 1 0 1 0 1 0 1 0 
Gen 010 | 0 1 0 1 0 1 0 1 0 1 
Gen 011 | 1 0 1 0 1 0 1 0 1 0 
Gen 012 | 0 1 0 1 0 1 0 1 0 1 
Gen 013 | 1 0 1 0 1 0 1 0 1 0 
Gen 014 | 0 1 0 1 0 1 0 1 0 1 
Gen 015 | 1 0 1 0 1 0 1 0 1 0 
Gen 016 | 0 1 0 1 0 1 0 1 0 1 
Gen 017 | 1 0 1 0 1 0 1 0 1 0 
Gen 018 | 0 1 0 1 0 1 0 1 0 1 
Gen 019 | 1 0 1 0 1 0 1 0 1 0 
Gen 020 | 0 1 0 1 0 1 0 1 0 1 
Gen 021 | 1 0 1 0 1 0 1 0 1 0 
Gen 022 | 0 1 0 1 0 1 0 1 0 1 
Gen 023 | 1 0 1 0 1 0 1 0 1 0 
Gen 024 | 0 1 0 1 0 1 0 1 0 1 
Gen 025 | 1 0 1 0 1 0 1 0 1 0 
Gen 026 | 0 1 0 1 0 1 0 1 0 1 
Gen 027 | 1 0 1 0 1 0 1 0 1 0 
Gen 028 | 0 1 0 1 0 1 0 1 0 1 
Gen 029 | 1 0 1 0 1 0 1 0 1 0 
Gen 030 | 0 1 0 1 0 1 0 1 0 1 
Gen 031 | 1 0 1 0 1 0 1 0 1 0 
Gen 032 | 0 1 0 1 0 1 0 1 0 1 
Gen 033 | 1 0 1 0 1 0 1 0 1 0 
Gen 034 | 0 1 0 1 0 1 0 1 0 1 
Gen 035 | 1 0 1 0 1 0 1 0 1 0 
Gen 036 | 0 1 0 1 0 1 0 1 0 1 
Gen 037 | 1 0 1 0 1 0 1 0 1 0 
Gen 038 | 0 1 0 1 0 1 0 1 0 1 
Gen 039 | 1 0 1 0 1 0 1 0 1 0 
Gen 040 | 0 1 0 1 0 1 0 1 0 1 
Gen 041 | 1 0 1 0 1 0 1 0 1 0 
Gen 042 | 0 1 0 1 0 1 0 1 0 1 
Gen 043 | 1 0 1 0 1 0 1 0 1 0 
Gen 044 | 0 1 0 1 0 1 0 1 0 1 
Gen 045 | 1 0 1 0 1 0 1 0 1 0 
Gen 046 | 0 1 0 1 0 1 0 1 0 1 
Gen 047 | 1 0 1 0 1 0 1 0 1 0 
Gen 048 | 0 1 0 1 0 1 0 1 0 1 
Gen 049 | 1 0 1 0 1 0 1 0 1 0 
Gen 050 | 0 1 0 1 0 1 0 1 0 1 
Gen 051 | 1 0 1 0 1 0 1 0 1 0 
Gen 052 | 0 1 0 1 0 1 0 1 0 1 
Gen 053 | 1 0 1 0 1 0 1 0 1 0 
Gen 054 | 0 1 0 1 0 1 0 1 0 1 
Gen 055 | 1 0 1 0 1 0 1 0 1 0 
Gen 056 | 0 1 0 1 0 1 0 1 0 1 
Gen 057 | 1 0 1 0 1 0 1 0 1 0 
Gen 058 | 0 1 0 1 0 1 0 1 0 1 
Gen 059 | 1 0 1 0 1 0 1 0 1 0 
Gen 060 | 0 1 0 1 0 1 0 1 0 1 
Gen 061 | 1 0 1 0 1 0 1 0 1 0 
Gen 062 | 0 1 0 1 0 1 0 1 0 1 
Gen 063 | 1 0 1 0 1 0 1 0 1 0 
Gen 064 | 0 1 0 1 0 1 0 1 0 1 
Gen 065 | 1 0 1 0 1 0 1 0 1 0 
Gen 066 | 0 1 0 1 0 1 0 1 0 1 
Gen 067 | 1 0 1 0 1 0 1 0 1 0 
Gen 068 | 0 1 0 1 0 1 0 1 0 1 
Gen 069 | 1 0 1 0 1 0 1 0 1 0 
Gen 070 | 0 1 0 1 0 1 0 1 0 1 
Gen 071 | 1 0 1 0 1 0 1 0 1 0 
Gen 072 | 0 1 0 1 0 1 0 1 0 1 
Gen 073 | 1 0 1 0 1 0 1 0 1 0 
Gen 074 | 0 1 0 1 0 1 0 1 0 1 
Gen 075 | 1 0 1 0 1 0 1 0 1 0 
Gen 076 | 0 1 0 1 0 1 0 1 0 1 
Gen 077 | 1 0 1 0 1 0 1 0 1 0 
Gen 078 | 0 1 0 1 0 1 0 1 0 1 
Gen 079 | 1 0 1 0 1 0 1 0 1 0 
Gen 080 | 0 1 0 1 0 1 0 1 0 1 
Gen 081 | 1 0 1 0 1 0 1 0 1 0 
Gen 082 | 0 1 0 1 0 1 0 1 0 1 
Gen 083 | 1 0 1 0 1 0 1 0 1 0 
Gen 084 | 0 1 0 1 0 1 0 1 0 1 
Gen 085 | 1 0 1 0 1 0 1 0 1 0 
Gen 086 | 0 1 0 1 0 1 0 1 0 1 
Gen 087 | 1 0 1 0 1 0 1 0 1 0 
Gen 088 | 0 1 0 1 0 1 0 1 0 1 
Gen 089 | 1 0 1 0 1 0 1 0 1 0 
Gen 090 | 0 1 0 1 0 1 0 1 0 1 
Gen 091 | 1 0 1 0 1 0 1 0 1 0 
Gen 092 | 0 1 0 1 0 1 0 1 0 1 
Gen 093 | 1 0 1 0 1 0 1 0 1 0 
Gen 094 | 0 1 0 1 0 1 0 1 0 1 
Gen 095 | 1 0 1 0 1 0 1 0 1 0 
Gen 096 | 0 1 0 1 0 1 0 1 0 1 
Gen 097 | 1 0 1 0 1 0 1 0 1 0 
Gen 098 | 0 1 0 1 0 1 0 1 0 1 
Gen 099 | 1 0 1 0 1 0 1 0 1 0 
Gen 100 | 0 1 0 1 0 1 0 1 0 1 
Gen 101 | 1 0 1 0 1 0 1 0 1 0 
Gen 102 | 0 1 0 1 0 1 0 1 0 1 
Gen 103 | 1 0 1 0 1 0 1 0 1 0 
Gen 104 | 0 1 0 1 0 1 0 1 0 1 
Gen 105 | 1 0 1 0 1 0 1 0 1 0 
Gen 106 | 0 1 0 1 0 1 0 1 0 1 
Gen 107 | 1 0 1 0 1 0 1 0 1 0 
Gen 108 | 0 1 0 1 0 1 0 1 0 1 
Gen 109 | 1 0 1 0 1 0 1 0 1 0 
Gen 110 | 0 1 0 1 0 1 0 1 0 1 
Gen 111 | 1 0 1 0 1 0 1 0 1 0 
Gen 112 | 0 1 0 1 0 1 0 1 0 1 
Gen 113 | 1 0 1 0 1 0 1 0 1 0 
Gen 114 | 0 1 0 1 0 1 0 1 0 1 
Gen 115 | 1 0 1 0 1 0 1 0 1 0 
Gen 116 | 0 1 0 1 0 1 0 1 0 1 
Gen 117 | 1 0 1 0 1 0 1 0 1 0 
Gen 118 | 0 1 0 1 0 1 0 1 0 1 
Gen 119 | 1 0 1 0 1 0 1 0 1 0 
Gen 120 | 0 1 0 1 0 1 0 1 0 1 
Gen 121 | 1 0 1 0 1 0 1 0 1 0 
Gen 122 | 0 1 0 1 0 1 0 1 0 1 
Gen 123 | 1 0 1 0 1 0 1 0 1 0 
Gen 124 | 0 1 0 1 0 1 0 1 0 1 
Gen 125 | 1 0 1 0 1 0 1 0 1 0 
Gen 126 | 0 1 0 1 0 1 0 1 0 1 
Gen 127 | 1 0 1 0 1 0 1 0 1 0 
Gen 128 | 0 1 0 1 0 1 0 1 0 1 
Gen 129 | 1 0 1 0 1 0 1 0 1 0 
Gen 130 | 0 1 0 1 0 1 0 1 0 1 
Gen 131 | 1 0 1 0 1 0 1 0 1 0 
Gen 132 | 0 1 0 1 0 1 0 1 0 1 
Gen 133 | 1 0 1 0 1 0 1 0 1 0 
Gen 134 | 0 1 0 1 0 1 0 1 0 1 
Gen 135 | 1 0 1 0 1 0 1 0 1 0 
Gen 136 | 0 1 0 1 0 1 0 1 0 1 
Gen 137 | 1 0 1 0 1 0 1 0 1 0 
Gen 138 | 0 1 0 1 0 1 0 1 0 1 
Gen 139 | 1 0 1 0 1 0 1 0 1 0 
Gen 140 | 0 1 0 1 0 1 0 1 0 1 
Gen 141 | 1 0 1 0 1 0 1 0 1 0 
Gen 142 | 0 1 0 1 0 1 0 1 0 1 
Gen 143 | 1 0 1 0 1 0 1 0 1 0 
Gen 144 | 0 1 0 1 0 1 0 1 0 1 
Gen 145 | 1 0 1 0 1 0 1 0 1 0 
Gen 146 | 0 1 0 1 0 1 0 1 0 1 
Gen 147 | 1 0 1 0 1 0 1 0 1 0 
Gen 148 | 0 1 0 1 0 1 0 1 0 1 
Gen 149 | 1 0 1 0 1 0 1 0 1 0 
Gen 150 | 0 1 0 1 0 1 0 1 0 1 
Gen 151 | 1 0 1 0 1 0 1 0 1 0 
Gen 152 | 0 1 0 1 0 1 0 1 0 1 
Gen 153 | 1 0 1 0 1 0 1 0 1 0 
Gen 154 | 0 1 0 1 0 1 0 1 0 1 
Gen 155 | 1 0 1 0 1 0 1 0 1 0 
Gen 156 | 0 1 0 1 0 1 0 1 0 1 
Gen 157 | 1 0 1 0 1 0 1 0 1 0 
Gen 158 | 0 1 0 1 0 1 0 1 0 1 
Gen 159 | 1 0 1 0 1 0 1 0 1 0 
Gen 160 | 0 1 0 1 0 1 0 1 0 1 
Gen 161 | 1 0 1 0 1 0 1 0 1 0 
Gen 162 | 0 1 0 1 0 1 0 1 0 1 
Gen 163 | 1 0 1 0 1 0 1 0 1 0 
Gen 164 | 0 1 0 1 0 1 0 1 0 1 
Gen 165 | 1 0 1 0 1 0 1 0 1 0 
Gen 166 | 0 1 0 1 0 1 0 1 0 1 
Gen 167 | 1 0 1 0 1 0 1 0 1 0 
Gen 168 | 0 1 0 1 0 1 0 1 0 1 
Gen 169 | 1 0 1 0 1 0 1 0 1 0 
Gen 170 | 0 1 0 1 0 1 0 1 0 1 
Gen 171 | 1 0 1 0 1 0 1 0 1 0 
Gen 172 | 0 1 0 1 0 1 0 1 0 1 
Gen 173 | 1 0 1 0 1 0 1 0 1 0 
Gen 174 | 0 1 0 1 0 1 0 1 0 1 
Gen 175 | 1 0 1 0 1 0 1 0 1 0 
Gen 176 | 0 1 0 1 0 1 0 1 0 1 
Gen 177 | 1 0 1 0 1 0 1 0 1 0 
Gen 178 | 0 1 0 1 0 1 0 1 0 1 
Gen 179 | 1 0 1 0 1 0 1 0 1 0 
Gen 180 | 0 1 0 1 0 1 0 1 0 1 
Gen 181 | 1 0 1 0 1 0 1 0 1 0 
Gen 182 | 0 1 0 1 0 1 0 1 0 1 
Gen 183 | 1 0 1 0 1 0 1 0 1 0 
Gen 184 | 0 1 0 1 0 1 0 1 0 1 
Gen 185 | 1 0 1 0 1 0 1 0 1 0 
Gen 186 | 0 1 0 1 0 1 0 1 0 1 
Gen 187 | 1 0 1 0 1 0 1 0 1 0 
Gen 188 | 0 1 0 1 0 1 0 1 0 1 
Gen 189 | 1 0 1 0 1 0 1 0 1 0 
Gen 190 | 0 1 0 1 0 1 0 1 0 1 
Gen 191 | 1 0 1 0 1 0 1 0 1 0 
Gen 192 | 0 1 0 1 0 1 0 1 0 1 
Gen 193 | 1 0 1 0 1 0 1 0 1 0 
Gen 194 | 0 1 0 1 0 1 0 1 0 1 
Gen 195 | 1 0 1 0 1 0 1 0 1 0 
Gen 196 | 0 1 0 1 0 1 0 1 0 1 
Gen 197 | 1 0 1 0 1 0 1 0 1 0 
Gen 198 | 0 1 0 1 0 1 0 1 0 1 
Gen 199 | 1 0 1 0 1 0 1 0 1 0 
Gen 200 | 0 1 0 1 0 1 0 1 0 1 
